.Random.seed <-
c(403L, 10L, 60813066L, 531123948L, 1696586607L, 651070629L, 
-1616204196L, -901700046L, 1849406765L, 1609827303L, -1344298226L, 
75580648L, 380796651L, -416591991L, 341363480L, -1929789882L, 
903253665L, -330723021L, 1160863906L, -925126764L, -509845993L, 
-303928819L, -1417617628L, 1644743434L, -1252817291L, -1171434033L, 
-1424539946L, 1330979456L, -130331453L, -338056607L, 2110317264L, 
-1293323218L, 809589209L, -1818073621L, -845352870L, 892183068L, 
-2055564513L, -1652955275L, -1120555508L, -1647454238L, -2042102595L, 
678705975L, -937073698L, -566255336L, -953858949L, 418290201L, 
1049635496L, -1580859306L, 1834982609L, 335431811L, 607779602L, 
1592434340L, 445164135L, -54729795L, 1970920756L, 2016499354L, 
1999946981L, -1811384705L, 789938182L, 2105533328L, 907202099L, 
-1270825519L, 39706496L, 977900126L, 181430697L, -2005333925L, 
125825130L, -1827561204L, -1133184177L, -1527445499L, -204425540L, 
1243836306L, 67533965L, 505776839L, 1996295086L, -530766328L, 
-1427490293L, -1675511063L, 148759992L, -1946238362L, -792039679L, 
1364085139L, 2111136322L, 2067850740L, 1272348663L, 1873298413L, 
-1779438460L, -1949969750L, 990636053L, -1855942481L, -993067338L, 
-982553376L, -1621995485L, -1565593791L, 715526704L, 635023438L, 
256667833L, -465500981L, -1540306566L, -1816980356L, 228827327L, 
-393558635L, -1115671124L, -1380708478L, -741526179L, 1658276951L, 
-1176589506L, -687803528L, 1415241819L, -747821127L, -2051754488L, 
400327862L, -585718799L, -297243101L, -1873883534L, 884782276L, 
346849927L, 545618525L, 1310047316L, 1238701690L, 478373317L, 
-1636776161L, 337650342L, -529759184L, 678409939L, -865299215L, 
-413192160L, -1207605570L, 1279865545L, -429143941L, 147318346L, 
1194877612L, -52103761L, 1479546213L, -109862116L, 574015346L, 
-444474387L, 286911527L, 446092366L, 640301224L, 20321963L, -224820279L, 
173727704L, 1838429830L, -1817383071L, -451009805L, -2045813406L, 
1154448340L, 1260666583L, 1649607885L, -183450524L, 505301578L, 
-362098763L, 1622651663L, -1996648426L, 504863424L, -281052029L, 
1316489377L, -2139906416L, 520625518L, 1935420185L, 495759275L, 
-916796006L, 856226140L, 191795295L, 1705713717L, 714798028L, 
1445132066L, -291812995L, 1972986487L, -2066211938L, 1752287832L, 
200106939L, -717314727L, 878771944L, 1186561814L, -916811631L, 
306499L, 2045229138L, -1721480476L, 1473236263L, 253203837L, 
-883721100L, 1269196378L, -805264731L, -802510657L, 1102486342L, 
-78190128L, -919045133L, 399844113L, -2038402240L, 1775377182L, 
2104026089L, -1878136549L, 1151746858L, -622033844L, -1051079665L, 
-1706399931L, -174862084L, 1837211474L, 382357709L, -1316560761L, 
-345881746L, -42912440L, -1198079669L, -1015499607L, -69843464L, 
-1094472410L, 1345359425L, 687720403L, 963370370L, 1645801908L, 
-1876452041L, 929011757L, -1856355004L, 1344106L, -1685181227L, 
-729421201L, -1450303626L, -991403872L, 907229539L, 1139603969L, 
685255024L, 1989728526L, 1316301689L, 1311892235L, -1961333702L, 
1431358268L, 461725823L, -1691276160L, 651394068L, -1071578328L, 
1169460282L, 503024848L, -818230164L, -296978764L, 1220829202L, 
1545564128L, 696923084L, -773458464L, -2096464862L, -1666091736L, 
-1055710964L, -2103677380L, -717638414L, -901523216L, -1301403836L, 
1018556504L, -163497414L, 261712112L, 1761702588L, 1656144404L, 
-996901694L, 947324512L, 576271740L, 651230416L, -213439454L, 
-1362773848L, -1935172212L, -1174816324L, -240715726L, 52112192L, 
1731884724L, 1543237960L, -957422918L, 758593296L, -154662676L, 
5904468L, 635801362L, 651555232L, -802631732L, 1981118304L, 1331193026L, 
-523325912L, -1797895764L, -1349401796L, 1415304050L, -1723115728L, 
1490356260L, -1852826056L, -1221442854L, -861857904L, 1872006396L, 
-1737398892L, -482086078L, -1805125120L, 1577392188L, -1930085808L, 
-2053857118L, -1835531448L, 1314771468L, -401247524L, -1989302190L, 
-1747264384L, -1103368364L, 978288616L, -1361663238L, 974618448L, 
844907564L, -2084413068L, 1711117970L, -1373521312L, -1682368372L, 
2022984032L, -1516316446L, -913161048L, -1788965172L, 2133776892L, 
742220722L, -593445904L, 2138413508L, -1064555176L, 1810352506L, 
1152776624L, -918388292L, -626459052L, -286758462L, 318835488L, 
-66069572L, 356802640L, -1106467870L, -875559064L, 880828236L, 
-210911492L, -133972238L, 1109753088L, -609373068L, -100295160L, 
-1511973446L, 890045904L, -1113071636L, 992279444L, 30986450L, 
439225440L, -1101195956L, -968381664L, -1452574078L, 1001628136L, 
765076460L, 1819510332L, -1423131022L, 1238995824L, 968854820L, 
-2101245384L, 1471639962L, -1636923952L, 1896822204L, -70359404L, 
-988986750L, -440310336L, -54145220L, -1509182832L, -1212578014L, 
1898059272L, -925986036L, -247575652L, -1485757422L, -46730368L, 
291023636L, 2057020712L, 1904980026L, 2020824016L, 198773356L, 
856075316L, 1532876946L, -409075360L, 425352524L, -1339257376L, 
-1664191582L, -681993304L, 540765324L, 1034142652L, -182932366L, 
670713840L, 1809560644L, -1008203688L, 1506877498L, 1142378608L, 
1674839612L, 2117420820L, 1971493570L, 1233896160L, 794242172L, 
115485904L, 1447066530L, 1869966888L, 1545488652L, -975693892L, 
1587910962L, 1175257280L, 1918120500L, -1955788088L, 1827941050L, 
-324930416L, 1109251820L, 981499476L, 186156690L, 374884128L, 
1970698188L, -1283292960L, -2017542462L, -2130725848L, 842996652L, 
388250300L, 333498866L, -883059152L, -139298908L, -1859374664L, 
1100759898L, 1146795152L, 1629858684L, 1125394196L, -326021822L, 
-878956800L, -364637252L, 1298583376L, 927811874L, 1579967048L, 
1731661836L, -1100245924L, -336301614L, -1849393664L, -225304236L, 
414519528L, -420978438L, 595101392L, 1588351276L, -1838538508L, 
-1554887278L, 2085050720L, -360785908L, 1435435744L, -1959630238L, 
852574888L, -1632343476L, -1790103684L, 628593970L, -793139600L, 
615215940L, 2004428760L, 616859514L, 2071230000L, 1847994300L, 
878065236L, -57126846L, 753528992L, -1998293316L, -1208833584L, 
707527522L, -2075909400L, 1182580940L, -1027284484L, 86634994L, 
1009126016L, 1952620020L, -1192069496L, -488525713L, -1087438168L, 
-1060712442L, -835236557L, 2108883349L, 1085857266L, -700939712L, 
-893363287L, 1268471323L, -179458068L, -926255110L, 1287801903L, 
-483054535L, 1988738638L, -444281188L, 1672594445L, -641738633L, 
1715261568L, 850863838L, 1559829931L, 1023397549L, -1240780006L, 
179227608L, 1075312705L, 1443440371L, -1200944876L, 2104458402L, 
404634039L, -1193992831L, 1028619142L, -1894098492L, 267817205L, 
506323295L, -1989104712L, 1449320086L, 1158793379L, 1759425125L, 
1929082754L, 41471216L, -205937511L, 187554955L, 1578247548L, 
1246553002L, -1555778593L, -762259095L, 1428829566L, -639609492L, 
-1095496259L, -1481560441L, -509248912L, -1263517426L, 1355615803L, 
-1945912035L, -1713076278L, -1185697560L, 426968017L, -604232253L, 
-822100284L, -724171406L, 17586247L, -621327343L, -522818154L, 
-1024839436L, 914954885L, -1090890801L, 43752136L, 86154086L, 
1945575827L, 315943669L, -2088123694L, -1463292640L, -82803447L, 
-246218181L, 2015664012L, 87406106L, 1757064847L, -1120474663L, 
2118688366L, 772062716L, -1087125651L, -1253953257L, -266281760L, 
-465890626L, -972185461L, 862469901L, 371625786L, -206534792L, 
671915297L, 1088896467L, 1913666804L, 1375679874L, 1144352791L, 
-1743776031L, -827191258L, -2019703516L, 935210453L, 133992831L, 
799461400L, -1466667210L, 1169553859L, 1190115333L, 715504546L, 
1529735056L, -513031367L, 2140264427L, 856062172L, -1594660598L, 
514217983L, 1632721481L, -21413922L, 635211660L, 1551679325L, 
433694567L, -1504519024L, -1858932050L, -1055723685L, -649232579L, 
-1367507542L, -1674931640L, 1537651313L, -840416285L, 1137389284L, 
-264735214L, 1111605735L, 514653617L, 316804086L, -216152556L, 
743024933L, -57142737L, -729839640L, 598405318L, -1420827277L, 
539078101L, -1112469070L, 924790656L, -712510615L, -952789029L, 
-157753556L, -1492037318L, 1482436591L, -1459815815L, -2046546674L, 
365446364L, 927685453L, 895824567L, -2059435968L, -739704546L, 
